0 2 0 -4.86424284834387
0 2 1 -4.996957137051661
0 2 2 -4.87485947793012
0 2 3 -4.685588065068513
0 4 0 0.0
0 4 1 0.0
0 4 2 0.0
0 4 3 0.0
1 0 0 -5.695327206976543
1 0 1 -5.695326746122218
1 0 2 -5.217030999999987
1 0 3 -6.125793865258739
1 1 0 -5.695321636973186
1 1 1 -5.217029523418165
1 1 2 -4.685589999999988
1 1 3 -5.217029897437738
1 2 0 -5.216987251688602
1 2 1 -5.217003802378784
1 2 2 -4.685588422748138
1 2 3 -4.095099999999991
1 4 0 -1.8999968173186403
1 4 1 -0.9999999999999994
1 4 2 -1.8999972185211396
1 4 3 -2.7099867576300793
2 0 0 -6.125793741527774
2 0 1 -5.695327899999982
2 0 2 -6.1257938676449015
2 0 3 -6.1257927967932675
2 2 0 -4.0950988325368325
2 2 1 -4.685584954134212
2 2 2 -3.438999999999995
2 2 3 -4.095089158994657
2 3 0 -4.095092993278195
2 3 1 -3.4389985065693023
2 3 2 -2.7099999999999977
2 3 3 -3.4389848402938066
2 4 0 -3.4389997793181863
2 4 1 -1.8999999999999988
2 4 2 -2.709999238430966
2 4 3 -2.709991357196182
